function data = beaconf8_1a_67_ee_fd_ee()
data = [
-52.0,-52.0,-52.0,-52.0,-52.0,-52.0,-52.0,-52.0,-52.0,-52.0,-52.0,-52.0,-52.0,-52.0,-52.0,-52.0,-52.0,-52.0,-52.0,-52.0;
-50.0,-51.0,-51.0,-51.0,-50.0,-50.0,-50.0,-50.0,-50.0,-50.0,-51.0,-51.0,-50.0,-51.0,-50.0,-50.0,-50.0,-50.0,-50.0,-50.0;
-51.0,-50.0,-50.0,-50.0,-50.0,-50.0,-50.0,-50.0,-50.0,-50.0,-50.0,-50.0,-50.0,-50.0,-50.0,-50.0,-50.0,-50.0,-50.0,-50.0;
-53.0,-51.0,-53.0,-55.0,-52.0,-55.0,-55.0,-54.0,-57.0,-56.0,-55.0,-54.0,-55.0,-58.0,-53.0,-53.0,-54.0,-54.0,-55.0,-55.0;
-51.0,-53.0,-51.0,-50.0,-50.0,-50.0,-50.0,-50.0,-50.0,-50.0,-50.0,-50.0,-50.0,-50.0,-50.0,-50.0,-50.0,-50.0,-50.0,-50.0;
-51.0,-50.0,-51.0,-51.0,-53.0,-53.0,-54.0,-54.0,-53.0,-53.0,-53.0,-55.0,-54.0,-53.0,-56.0,-56.0,-55.0,-55.0,-55.0,-54.0;
-50.0,-50.0,-50.0,-50.0,-50.0,-50.0,-50.0,-50.0,-50.0,-50.0,-50.0,-50.0,-50.0,-50.0,-50.0,-50.0,-50.0,-50.0,-50.0,-50.0;
-50.0,-55.0,-56.0,-55.0,-55.0,-56.0,-55.0,-55.0,-55.0,-58.0,-59.0,-59.0,-58.0,-60.0,-61.0,-60.0,-61.0,-59.0,-59.0,-59.0;
-58.0,-56.0,-52.0,-59.0,-58.0,-59.0,-62.0,-61.0,-59.0,-60.0,-58.0,-57.0,-61.0,-60.0,-59.0,-59.0,-59.0,-59.0,-58.0,-58.0;
-55.0,-54.0,-52.0,-53.0,-54.0,-53.0,-53.0,-54.0,-54.0,-53.0,-53.0,-53.0,-53.0,-53.0,-53.0,-54.0,-54.0,-54.0,-55.0,-55.0;
-51.0,-52.0,-53.0,-53.0,-55.0,-54.0,-54.0,-55.0,-54.0,-54.0,-53.0,-54.0,-54.0,-53.0,-54.0,-54.0,-55.0,-56.0,-55.0,-55.0;
-57.0,-62.0,-59.0,-61.0,-61.0,-60.0,-61.0,-61.0,-62.0,-62.0,-62.0,-59.0,-61.0,-63.0,-63.0,-63.0,-64.0,-63.0,-63.0,-63.0;
-60.0,-60.0,-57.0,-55.0,-57.0,-57.0,-57.0,-55.0,-56.0,-57.0,-60.0,-56.0,-55.0,-56.0,-56.0,-54.0,-55.0,-55.0,-54.0,-55.0;
-57.0,-55.0,-55.0,-56.0,-55.0,-56.0,-56.0,-57.0,-54.0,-55.0,-57.0,-53.0,-52.0,-60.0,-58.0,-58.0,-60.0,-58.0,-58.0,-61.0;
-58.0,-59.0,-59.0,-59.0,-57.0,-56.0,-54.0,-54.0,-54.0,-54.0,-55.0,-54.0,-53.0,-53.0,-54.0,-53.0,-54.0,-54.0,-55.0,-56.0;
-65.0,-69.0,-64.0,-65.0,-67.0,-68.0,-68.0,-66.0,-66.0,-65.0,-65.0,-65.0,-64.0,-63.0,-65.0,-62.0,-61.0,-64.0,-62.0,-64.0;
;
;
;
;
;
;
;
;
;
;
;
;
;
;

];

end