function data = beacon10_fe_ed_b2_22_7c()
data = [
-52.0,-52.0,-52.0,-52.0,-52.0,-52.0,-52.0,-52.0,-52.0,-52.0,-52.0,-52.0,-52.0,-52.0,-52.0,-52.0,-52.0,-52.0,-52.0,-52.0;
-51.0,-51.0,-50.0,-51.0,-50.0,-50.0,-49.0,-50.0,-50.0,-51.0,-50.0,-50.0,-50.0,-50.0,-51.0,-50.0,-50.0,-50.0,-50.0,-51.0;
-52.0,-55.0,-50.0,-50.0,-51.0,-50.0,-49.0,-52.0,-54.0,-54.0,-56.0,-54.0,-53.0,-55.0,-53.0,-50.0,-50.0,-52.0,-52.0,-54.0;
-50.0,-49.0,-49.0,-51.0,-50.0,-50.0,-53.0,-52.0,-52.0,-50.0,-51.0,-49.0,-50.0,-51.0,-50.0,-50.0,-49.0,-50.0,-50.0,-49.0;
-50.0,-50.0,-49.0,-50.0,-50.0,-50.0,-50.0,-50.0,-50.0,-50.0,-50.0,-50.0,-50.0,-50.0,-50.0,-49.0,-50.0,-50.0,-50.0,-50.0;
-55.0,-55.0,-53.0,-50.0,-50.0,-49.0,-49.0,-49.0,-49.0,-50.0,-51.0,-49.0,-50.0,-50.0,-51.0,-55.0,-55.0,-52.0,-50.0,-53.0;
-50.0,-50.0,-50.0,-50.0,-50.0,-50.0,-50.0,-50.0,-50.0,-50.0,-50.0,-51.0,-50.0,-50.0,-50.0,-50.0,-50.0,-49.0,-49.0,-49.0;
-50.0,-51.0,-54.0,-54.0,-56.0,-54.0,-51.0,-50.0,-52.0,-53.0,-53.0,-52.0,-53.0,-51.0,-51.0,-52.0,-52.0,-51.0,-51.0,-50.0;
-55.0,-55.0,-56.0,-54.0,-53.0,-54.0,-54.0,-55.0,-53.0,-53.0,-53.0,-53.0,-51.0,-52.0,-54.0,-55.0,-53.0,-54.0,-53.0,-53.0;
-53.0,-53.0,-52.0,-50.0,-51.0,-54.0,-63.0,-61.0,-63.0,-63.0,-57.0,-55.0,-56.0,-56.0,-56.0,-57.0,-56.0,-55.0,-55.0,-56.0;
-54.0,-53.0,-54.0,-55.0,-53.0,-55.0,-54.0,-53.0,-53.0,-55.0,-55.0,-56.0,-56.0,-56.0,-54.0,-55.0,-54.0,-55.0,-53.0,-54.0;
-55.0,-56.0,-54.0,-56.0,-57.0,-54.0,-57.0,-55.0,-57.0,-55.0,-55.0,-57.0,-59.0,-56.0,-56.0,-59.0,-56.0,-55.0,-55.0,-56.0;
-52.0,-52.0,-50.0,-53.0,-53.0,-50.0,-52.0,-53.0,-54.0,-55.0,-54.0,-53.0,-52.0,-55.0,-55.0,-59.0,-53.0,-61.0,-56.0,-54.0;
-60.0,-67.0,-66.0,-66.0,-66.0,-65.0,-65.0,-65.0,-65.0,-65.0,-65.0,-65.0,-65.0,-64.0,-65.0,-65.0,-65.0,-66.0,-64.0,-64.0;
-56.0,-58.0,-60.0,-58.0,-59.0,-58.0,-58.0,-58.0,-58.0,-58.0,-58.0,-59.0,-58.0,-58.0,-57.0,-57.0,-56.0,-57.0,-57.0,-56.0;
-63.0,-65.0,-64.0,-66.0,-66.0,-65.0,-64.0,-66.0,-65.0,-66.0,-65.0,-64.0,-64.0,-64.0,-63.0,-64.0,-63.0,-63.0,-65.0,-64.0;
;
;
;
;
;
;
;
;
;
;
;
;
;
;

];

end