function data = beacon10_fe_ed_d1_aa_47()
data = [
-52.0,-52.0,-52.0,-52.0,-52.0,-52.0,-52.0,-52.0,-52.0,-52.0,-52.0,-52.0,-52.0,-52.0,-52.0,-52.0,-52.0,-52.0,-52.0,-52.0;
-51.0,-52.0,-51.0,-50.0,-51.0,-51.0,-50.0,-51.0,-52.0,-52.0,-51.0,-52.0,-51.0,-50.0,-50.0,-50.0,-51.0,-51.0,-52.0,-51.0;
-50.0,-50.0,-50.0,-50.0,-50.0,-50.0,-50.0,-50.0,-50.0,-50.0,-50.0,-50.0,-50.0,-50.0,-50.0,-51.0,-50.0,-50.0,-50.0,-50.0;
-51.0,-51.0,-51.0,-51.0,-51.0,-52.0,-51.0,-50.0,-50.0,-51.0,-51.0,-50.0,-50.0,-50.0,-50.0,-51.0,-50.0,-50.0,-50.0,-50.0;
-50.0,-50.0,-51.0,-52.0,-52.0,-52.0,-52.0,-52.0,-52.0,-52.0,-52.0,-52.0,-52.0,-52.0,-52.0,-52.0,-52.0,-52.0,-52.0,-52.0;
-50.0,-50.0,-50.0,-50.0,-50.0,-50.0,-50.0,-50.0,-50.0,-50.0,-50.0,-50.0,-50.0,-50.0,-50.0,-50.0,-51.0,-50.0,-50.0,-50.0;
-50.0,-50.0,-49.0,-50.0,-50.0,-50.0,-50.0,-50.0,-50.0,-50.0,-50.0,-50.0,-50.0,-50.0,-50.0,-50.0,-50.0,-50.0,-50.0,-50.0;
-51.0,-53.0,-51.0,-50.0,-51.0,-51.0,-51.0,-52.0,-50.0,-50.0,-51.0,-52.0,-51.0,-52.0,-51.0,-49.0,-50.0,-50.0,-49.0,-49.0;
-50.0,-50.0,-52.0,-51.0,-52.0,-52.0,-51.0,-52.0,-51.0,-52.0,-53.0,-53.0,-54.0,-52.0,-52.0,-53.0,-53.0,-53.0,-53.0,-53.0;
-53.0,-54.0,-55.0,-56.0,-54.0,-54.0,-54.0,-54.0,-55.0,-54.0,-53.0,-54.0,-53.0,-54.0,-58.0,-59.0,-58.0,-56.0,-59.0,-56.0;
-55.0,-56.0,-53.0,-57.0,-55.0,-53.0,-53.0,-56.0,-55.0,-58.0,-52.0,-56.0,-54.0,-54.0,-53.0,-52.0,-52.0,-52.0,-51.0,-51.0;
-57.0,-53.0,-53.0,-50.0,-52.0,-50.0,-50.0,-51.0,-50.0,-50.0,-51.0,-51.0,-50.0,-50.0,-50.0,-50.0,-49.0,-52.0,-51.0,-52.0;
-53.0,-55.0,-50.0,-50.0,-50.0,-50.0,-50.0,-50.0,-50.0,-49.0,-50.0,-50.0,-50.0,-50.0,-50.0,-50.0,-49.0,-50.0,-50.0,-50.0;
-52.0,-50.0,-50.0,-50.0,-50.0,-50.0,-50.0,-50.0,-50.0,-50.0,-50.0,-50.0,-50.0,-50.0,-50.0,-50.0,-50.0,-50.0,-50.0,-50.0;
-50.0,-50.0,-49.0,-50.0,-49.0,-50.0,-49.0,-50.0,-50.0,-50.0,-50.0,-50.0,-50.0,-50.0,-50.0,-50.0,-49.0,-50.0,-50.0,-50.0;
-50.0,-50.0,-50.0,-50.0,-50.0,-50.0,-50.0,-50.0,-50.0,-50.0,-50.0,-50.0,-50.0,-50.0,-50.0,-50.0,-50.0,-49.0,-50.0,-50.0;
;
;
;
;
;
;
;
;
;
;
;
;
;
;

];

end